Size Quick Heap Merge Insertion
100 10350  19660  37310  5950
200 22430  45660  71560  19890
300 35320  74810  115280  43990
400 48500  102600  150320  78080
500 61760  132840  193180  120630
600 76260  164520  233880  173310
700 92220  201220  306420  238000
800 109110  240630  333060  320950
900 126290  278220  386750  410620
1000 144710  321110  439520  505400
1100 159090  356610  502300  600390
1200 170730  462960  602510  693420
1300 203480  451080  670070  882670
1400 235060  796460  927920  1361470
1500 240920  555780  773010  1250290
1600 267460  635230  921300  1407360
1700 261680  600360  892130  1531860
1800 294860  699980  1021270  1803000
1900 981050  1958640  1996890  2836760
2000 516860  1241570  1608410  3026450
2100 681650  1777970  2855200  4171560
2200 516300  1339400  2056230  3481110
2300 580160  1474380  2325280  3920060
2400 725490  1478480  2196080  4399450
2500 569270  1538310  2044620  4171480
2600 572320  1445660  2127450  5405870
2700 544260  1423480  1988450  5514900
2800 530390  1235800  1784950  4966020
2900 469360  1064080  1623310  4236950
3000 446090  1056720  1629900  4546950
3100 456900  1075940  1627310  4430590
3200 483720  1134640  1709940  4863800
3300 505770  1224120  1857610  5240690
3400 493460  1197930  1858170  5377430
3500 535390  1263960  2034340  5744010
3600 530570  1267500  2056410  5922560
3700 557840  1326960  2147220  6420810
3800 567410  1367870  2193410  6640340
3900 635750  1494960  2481480  7482460
4000 610300  1437080  2404680  7370750
4100 616080  1480690  2425300  7832340
4200 701470  1772930  2855050  8923330
4300 682110  1583330  2627880  8480780
4400 685760  1605460  2725640  8900000
4500 682510  1653790  2834620  9671320
4600 759340  1783020  3115910  10287130
4700 725460  1744140  3026550  10319420
4800 761640  1821470  3058650  10624270
4900 768480  1801140  3110100  11180800
5000 803320  1977020  3447810  12202980
5100 835840  2017870  3505440  12817720
5200 786710  1914710  3412260  12561330
5300 818210  2000290  3631460  13098280
5400 849090  2075240  3978380  13748650
5500 946390  2227480  3995120  15246300
5600 903630  2168400  3929040  14975840
5700 964980  2199140  4045080  15204710
5800 919020  2205380  4045490  15771210
5900 966060  2298410  4132260  16239120
6000 922650  2276120  4348890  16743070
6100 1009090  2478680  4552260  18153700
6200 1023110  2473110  4695600  18595460
6300 1006820  2403930  4494670  18297970
6400 1041920  2442860  4644330  19088640
6500 1079040  2574630  4823780  20430950
6600 1054410  2561790  4808140  20187770
6700 1126740  2656980  5048680  21367620
6800 1100930  2659790  4919310  21901610
6900 1087530  2718900  5109230  22332270
7000 1189800  2891690  5443350  24246960
7100 1120120  2828040  5490240  23757520
7200 1171630  2884430  5415850  23883700
7300 1204230  2882100  5496090  24860170
7400 1222810  2937520  5600110  25715430
7500 1257610  2942650  5685240  26337480
7600 1350610  3153660  6028140  27719910
7700 1295780  3238450  6201980  28107740
7800 1252450  3092510  6100120  28310390
7900 1283210  3131370  6319490  29034940
8000 1383160  3387630  6578120  30792170
8100 1370870  3325200  6557670  31924130
8200 1301610  3240540  6462970  31111710
8300 1389090  3424020  6765150  33173530
8400 1377960  3359190  6896320  33375880
8500 1451910  3575760  7174600  34659420
8600 1443010  3471680  7103040  34324760
8700 1457960  3590770  7473420  36041250
8800 1490600  3588300  7581370  37002900
8900 1503300  3777970  8020730  37811520
9000 1504260  3686660  7715330  38096010
9100 1499210  3700520  7852000  39410290
9200 1548370  3794630  7891440  39718950
9300 1526430  3826170  8135730  40361170
9400 1611810  3976770  8446780  42091930
9500 1605470  3991990  8760500  43698370
9600 1668670  4080170  8879300  44610860
9700 1750280  4208500  9098150  45888710
9800 1667920  4091710  9073970  46240690
9900 1677850  4209360  9408640  46859660
10000 1749910  4314200  9613510  49070760